36
34
34
34
34
34
34
34
34
34
34
34
34
34
34
34
34
34
34
34
34
34
34
34
34
34
34
34
34
34
34
30
30
30
30
30
30
30
30
30
38
2.3
2.3
2.3
2.3
2.3
2.3
2.3
2.3
2.3
36
36
36
36
36
36
36
36
36
39
39
39
39
39
39
39
39
39
39
42
42
42
42
42
42
42
42
42
42
42
42
42
42
42
42
42
42
42
42
42
42
42
42
42
42
42
42
42
42
41
41
41
42
42
42
42
42
42
42
42
42
42
42
42
42
42
42
42
42
43
43
43
43
43
43
43
43
43
43
42
42
42
42
42
42
42
42
42
42
42
42
42
42
42
42
42
42
42
34
34
34
34
34
34
34
34
34
31
32
32
32
32
32
32
32
32
32
32
31
31
31
31
31
31
31
31
31
31
31
31
31
31
31
31
31
31
31
31
31
31
31
31
31
31
31
31
31
31
31
31
31
31
31
31
31
31
31
31
32
32
32
32
32
32
32
32
32
32
32
32
32
32
32
32
32
32
32
31
31
31
31
31
31
31
31
31
31
31
31
31
31
31
31
31
31
31
31
32
32
32
32
32
32
32
32
32
32
31
31
31
31
31
31
31
31
31
31
31
31
31
31
31
31
31
31
31
31
30
30
30
30
30
30
30
30
30
30
31
31
31
31
31
31
31
31
31
32
32
32
32
32
32
32
32
32
32
43
43
42
42
42
42
42
42
42
42
43
43
43
43
43
43
43
43
43
43
43
43
43
43
43
43
43
43
43
42
40
42
42
42
42
42
42
42
42
42
43
43
43
43
43
43
43
43
43
43
43
43
43
43
43
43
43
43
43
43
43
43
43
43
43
43
43
43
43
43
43
43
43
43
43
43
43
43
43
43
43
43
43
43
43
43
43
43
43
44
44
44
44
44
44
44
44
44
44
43
43
43
43
43
43
43
43
43
43
43
43
43
43
43
43
43
43
43
43
43
43
43
43
43
43
43
43
43
43
43
43
43
43
43
43
43
43
43
43
43
43
43
43
43
43
43
43
43
43
43
43
43
43
43
43
43
43
43
43
43
43
43
43
43
43
43
43
43
39
39
39
39
39
39
39
39
39
39
43
43
43
43
43
43
43
43
43
43
43
43
43
43
43
43
43
43
43
43
43
44
44
44
44
44
44
44
44
44
44
44
44
44
44
44
44
44
44
43
43
43
43
43
43
43
43
43
43
44
44
44
44
44
44
44
44
44
44
43
43
43
43
43
43
43
43
43
43
43
43
43
43
43
43
43
43
43
43
43
43
43
43
43
43
43
43
43
43
43
43
43
43
43
43
43
43
43
43
42
42
42
42
42
42
42
42
42
42
44
44
44
39
39
16
16
16
32
32
32
32
32
32
32
32
32
32
34
34
34
34
34
34
34
34
34
35
34
34
34
34
34
34
34
34
34
33
32
32
32
32
32
32
32
32
32
32
32
32
32
36
36
36
36
36
36
36
35
35
35
35
35
35
35
35
35
34
34
34
34
34
34
34
34
34
34
33
33
33
33
33
33
33
33
33
33
32
32
32
32
32
32
32
32
32
32
35
35
32
32
32
32
32
32
32
32
32
32
32
32
32
32
32
32
32
32
32
32
32
32
32
32
32
32
32
32
35
35
35
35
35
35
35
35
35
35
35
35
35
35
35
35
35
35
35
32
32
32
32
32
32
32
32
32
32
31
31
31
31
31
31
31
31
6.8
6.4
6.4
5.9
6.7
6.3
5.9
5.8
6.6
6.9
6.6
6.4
6.4
6.4
6.7
6.8
6.6
6.7
6.5
6.9
6.9
6.3
6.8
6.9
7
7.2
6.9
6.7
6.3
6.9
6.9
6.1
6.9
6.4
6.6
6.8
6.4
7.2
6.8
6.1
6.3
6.8
6.8
7.2
6.5
7
6.7
6.3
6.1
7.1
6.9
7.2
6.2
6.1
6.2
6.1
6.3
6.3
6.2
6.5
7.4
6.1
7.1
6.4
6
6.9
6.9
6.1
6.7
6.9
6.3
6.2
6.4
6.3
6.4
6.3
6.5
6.3
6.5
6.3
6.4
6.4
6.3
6.2
6.5
6.4
6.3
6.1
6.8
6.8
7.2
6.3
6.7
6
6.9
6.6
7.1
6
6.9
6.4
6.9
6.5
6.9
6.4
6
7.1
6.5
6.5
6.5
6.5
5.7
6
6.3
6.6
6.9
6.9
7.2
6.4
7.4
6.7
7.4
6.9
7.2
6.1
6.3
6.1
6.5
6.7
7.1
6.3
6.4
5.8
7
7.1
7
6.3
6.3
6.6
6.2
6.7
6.9
6.9
6.3
14
7.2
7
9
8
6.6
6
6
6.5
6
2
6.2
8
6.5
8
6.8
7.1
6.3
6.4
27
23
7.2
57
6.1
6.1
5.6
7.1
1
6
6.2
8
39
6.3
6.3
7
6.2
7.8
1
24
6.5
8.8
1
6.7
18
21
6.2
9
24
8
6.5
6.2
29
7.5
7
24
6.4
3
6
1
7.1
6.2
7.5
6
5.9
6.4
17
7
6.8
405
6.7
6.6
6.6
5
6.3
6.4
19
31
7
6.3
6.3
22
6.4
7.2
6.1
42
30
24
37
77
6.2
7
6.3
5.1
2.6
4
23
6.4
6.6
6.6
6.2
6.6
6.2
5.9
2.3
2.3
2.3
2.3
17
17
17
17
17
17
17
17
17
17
16
16
16
16
16
16
16
16
16
16
16
16
16
16
16
16
16
16
16
16
16
16
16
16
16
16
16
16
16
16
16
16
16
16
16
16
16
16
16
16
16
16
16
16
16
16
16
16
16
16
16
16
16
16
16
16
16
16
16
16
16
16
16
16
16
16
16
16
16
16
16
16
16
16
16
16
16
16
16
16
16
16
16
16
16
16
16
16
17
17
17
17
17
17
17
17
17
17
16
16
16
16
16
16
16
16
