547.634765625
529.7099609375
533.8701171875
539.759765625
541.85546875
540.5634765625
540.2197265625
520.578125
508.4404296875
500.927734375
508.90625
517.3662109375
521.0810546875
518.0498046875
517.1357421875
520.47265625
523.3642578125
507.5244140625
506.810546875
516.265625
510.478515625
518.025390625
517.033203125
526.193359375
518.857421875
519.6005859375
511.947265625
506.033203125
507.2607421875
520.8505859375
513.5654296875
515.70703125
528.12890625
520.52734375
517.80859375
509.0859375
511.0625
514.9775390625
513.6337890625
512.5673828125
517.0107421875
518.728515625
521.2158203125
520.9736328125
519.4892578125
523.8017578125
510.6953125
502.06640625
512.517578125
525.646484375
519.552734375
509.115234375
516.974609375
519.740234375
520.25390625
522.48828125
520.107421875
519.912109375
520.7841796875
515.8310546875
511.060546875
514.572265625
513.365234375
516.591796875
521.466796875
522.560546875
522.4599609375
524.349609375
523.009765625
523.810546875
517.4931640625
515.71484375
511.1279296875
515.4951171875
517.1865234375
518.1943359375
525.2919921875
520.427734375
522.27734375
526.85546875
522.736328125
513.7314453125
510.2001953125
517.5830078125
517.5595703125
511.8017578125
520.2138671875
521.9287109375
519.5400390625
527.26171875
520.77734375
533.078125
527.978515625
517.7001953125
511.45703125
516.78125
511.828125
517.470703125
511.259765625
517.4189453125
519.8447265625
526.3603515625
533.26953125
528.4296875
539.1689453125
520.435546875
515.4140625
513.4296875
514.8193359375
517.5712890625
521.6142578125
523.1552734375
525.2919921875
527.037109375
527.1953125
523.76953125
523.9951171875
516.3935546875
515.068359375
516.779296875
518.166015625
522.470703125
523.134765625
500.806640625
499.435546875
500.685546875
500.490234375
502.12109375
501.1923828125
497.4853515625
500.9541015625
500.6533203125
502.0322265625
501.6982421875
501.7802734375
500.5224609375
497.9873046875
502.6396484375
502.38671875
501.0078125
503.31640625
499.400390625
502.2451171875
496.5126953125
500.9072265625
501.20703125
501.3984375
501.68359375
500.77734375
500.7265625
502.5078125
502.02734375
502.16015625
503.1875
501.0712890625
502.4697265625
498.6572265625
501.7041015625
502.82421875
500.9375
500.962890625
500.919921875
503.083984375
501.232421875
500.830078125
500.916015625
500.771484375
502.166015625
501.373046875
502.146484375
502.2939453125
502.3642578125
501.240234375
502.126953125
502.580078125
501.388671875
501.759765625
501.962890625
503.193359375
502.689453125
498.244140625
502.0322265625
502.1328125
503.59375
502.08203125
499.66796875
502.9765625
473.85546875
473.640625
473.29296875
471.6171875
473.03515625
470.958984375
473.0732421875
471.5537109375
471.7626953125
473.4423828125
471.7626953125
471.8994140625
472.1064453125
472.2646484375
473.2099609375
471.869140625
472.279296875
472.072265625
473.048828125
472.490234375
471.1494140625
473.1591796875
472.8505859375
472.4833984375
472.9443359375
473.3505859375
473.6513671875
471.3740234375
473.9912109375
473.5498046875
474.7412109375
475.4287109375
472.9716796875
473.962890625
471.740234375
474.443359375
472.880859375
473.185546875
473.470703125
473.912109375
473.728515625
474.373046875
474.091796875
474.2861328125
473.9580078125
471.5595703125
473.8642578125
474.5244140625
473.4306640625
473.7001953125
474.1845703125
474.2158203125
474.0087890625
474.4462890625
473.3720703125
474.5166015625
475.3369140625
475.1494140625
475.5400390625
470.9072265625
475.470703125
474.763671875
475.666015625
475.083984375
475.94921875
474.1875
474.3984375
474.6640625
474.8515625
476.83984375
475.33203125
473.73046875
475.54296875
475.9609375
475.8671875
474.9453125
475.94921875
474.046875
475.2265625
475.86328125
475.625
473.875
477.4140625
476.57421875
476.6171875
476.1640625
475.9921875
476.921875
474.37890625
477.82421875
476.296875
475.83984375
511.669921875
510.98046875
514.3037109375
516.2177734375
518.5498046875
527.3193359375
518.533203125
513.548828125
513.1494140625
514.240234375
514.634765625
523.169921875
528.080078125
523.869140625
529.005859375
511.041015625
515.927734375
517.787109375
517.427734375
522.701171875
515.654296875
526.533203125
527.107421875
520.7265625
527.384765625
527.791015625
524.857421875
503.126953125
506.037109375
500.109375
506.6875
512.38671875
516.60546875
519.64453125
520.75390625
521.5224609375
516.3779296875
522.0263671875
514.1591796875
516.2119140625
515.1025390625
521.7080078125
515.2275390625
524.546875
524.3203125
523.95703125
526.80859375
534.55859375
529.9052734375
515.7802734375
514.6875
514.5390625
514.625
514.08984375
514.234375
514.23046875
486.62109375
487.375
485.7685546875
422.1943359375
421.1201171875
420.521484375
390.685546875
390.712890625
390.03515625
405.0556640625
459.1669921875
555.0087890625
545.173828125
545.017578125
554.689453125
549.556640625
559.796875
562.59375
557.37109375
567.77734375
549.03125
548.07421875
544.96875
549.162109375
556.080078125
556.439453125
557.501953125
558.919921875
557.833984375
557.310546875
555.822265625
549.369140625
542.970703125
549.708984375
550.076171875
551.361328125
556.150390625
558.009765625
558.220703125
558.318359375
558.185546875
566.931640625
566.482421875
565.767578125
562.7353515625
555.765625
548.20703125
554.6435546875
557.4716796875
558.8427734375
571.7060546875
564.4990234375
561.3310546875
566.1005859375
564.7333984375
555.1787109375
555.8076171875
553.1240234375
551.8623046875
550.8388671875
546.4599609375
556.5029296875
559.7099609375
561.580078125
561.794921875
560.970703125
561.771484375
552.408203125
552.361328125
553.37109375
551.12890625
550.69921875
556.1904296875
562.4833984375
551.9443359375
557.7685546875
561.4365234375
540.3779296875
535.9677734375
538.4287109375
525.9521484375
526.7490234375
523.5126953125
529.7001953125
532.3857421875
532.3115234375
535.5771484375
536.3818359375
538.0888671875
532.6005859375
537.6005859375
535.4326171875
522.5771484375
525.5810546875
529.7451171875
526.7568359375
531.8974609375
534.9130859375
537.1240234375
537.8623046875
537.0693359375
539.4365234375
526.6240234375
526.4873046875
526.9912109375
531.6669921875
526.099609375
531.216796875
533.029296875
547.412109375
542.357421875
536.126953125
536.591796875
536.822265625
536.240234375
540.888671875
537.087890625
520.142578125
519.396484375
518.951171875
518.919921875
519.224609375
518.783203125
518.994140625
519.458984375
521.365234375
519.240234375
519.330078125
519.115234375
519.591796875
519.236328125
519.833984375
519.095703125
519.59765625
520.80859375
519.234375
520.01171875
520.51171875
520.20703125
520.0
519.79296875
519.73828125
519.54296875
519.453125
519.54296875
520.07421875
519.0703125
520.80078125
528.2265625
526.21484375
526.12109375
525.890625
517.83203125
520.21875
518.7578125
520.04296875
519.22265625
519.09375
519.859375
519.6171875
519.11328125
519.58984375
519.71484375
519.83203125
519.93359375
519.80078125
522.37109375
524.203125
529.7734375
529.421875
530.07421875
522.625
509.8515625
509.72265625
509.3125
509.3671875
509.181640625
509.525390625
509.224609375
509.404296875
509.634765625
537.822265625
537.21484375
538.98046875
537.88671875
529.5234375
529.02734375
528.87109375
528.87890625
529.15625
529.359375
530.76953125
530.11328125
525.2001953125
524.7041015625
527.7783203125
531.8681640625
531.3525390625
531.3525390625
532.6064453125
531.1416015625
531.2509765625
532.2197265625
536.3681640625
534.9892578125
538.0751953125
539.0869140625
535.5087890625
543.1572265625
543.3359375
542.7919921875
542.5263671875
542.8583984375
543.2138671875
543.3505859375
542.9326171875
529.2880859375
527.2568359375
531.8818359375
526.8740234375
533.0927734375
535.5732421875
535.8115234375
537.7294921875
537.5576171875
538.689453125
540.404296875
537.599609375
538.458984375
538.689453125
538.361328125
538.501953125
538.650390625
539.076171875
539.771484375
539.908203125
539.658203125
536.302734375
547.8486328125
542.6611328125
528.1533203125
529.5244140625
529.5908203125
532.5517578125
531.4423828125
534.4111328125
537.1181640625
543.2314453125
548.6884765625
541.2119140625
540.7861328125
542.3134765625
540.5302734375
541.6318359375
541.9833984375
540.8505859375
540.6005859375
519.9248046875
517.541015625
522.763671875
522.353515625
524.814453125
522.318359375
522.994140625
524.0234375
523.1015625
519.95703125
520.51953125
523.17578125
534.05859375
537.8349609375
533.7841796875
535.923828125
535.205078125
525.642578125
536.7216796875
527.017578125
528.255859375
538.650390625
541.033203125
537.205078125
540.568359375
542.958984375
534.880859375
530.845703125
528.119140625
529.294921875
528.654296875
528.529296875
528.634765625
528.779296875
529.099609375
535.615234375
532.912109375
529.802734375
529.947265625
523.9736328125
531.2470703125
529.5869140625
538.6884765625
537.8330078125
538.3017578125
514.2197265625
522.0986328125
